111711533117557878671256863534126712348485715634286217717878857878681734128712348285115627561282622371173412
311313755535313434255634645312344112342665311234235634447112122778788864666315737712128156562813561245347
553711577317551212663556126734848733341247785688711225125668821535565665121264331212446173341248224515377
37537351355553783447341286737878435656486177785685121268535634857812662633351212657878647534126534346
17535351173557121287343486517834233434466375787868333456417856244417555634617834263556566556566482822373
7771717555753356784156122415566261555678651212663712128156342628635573563441563428317856233434446631337856
5371131737377378784813787847787882435356784556566657127886447555121263787846117825341262637312784
751533313713171234875612821112122556124242573778811234247578786312344883317856213456241712788246842413313
35331755571111561225567862311212255678642531567825787864713434286283517778348112782826731578786756128877345
17757135173513787847347882647715785662173434855634628881153578566534562471787821345628617712
335711171531757834613412282335346756568453781243787846446577375678853478645734348685755678671212885556
777151533713535656453478664751127825347866823335127864177881345622411556126556346271567825787
13555155157373341243787848486253113156562534126431787825565664277734853456681134122712788282
7535557137753778833434443512566467575678837834468881173356344378784485313434273478846224513
71357311555377127881123428731256473412844515783465127862667115123462731234455612682735123461785
57733577357313785642133478424877771256811278288533565645565664117827787882686517355656675678848171123423567
13513173777731341221127824871334564778788235347864886711153434675656821356564734128222773556786556126437787
7577157517735512346756568671347825123468475134562312124613345645121262888717133478435612425178
555157757573551234611234265112782712864173563443564828633533787847127884351234677834846155567
111555373573537834464137568534346471343421565628481111343427341282377834833478442173347843344
5753513751333778348712568443157812633456421312564578566244531712568156342277127887561288435778
73315137315771127825563468731212477878888623373312124712788485317878275612846451173412823512566312124426
73515335557757127887561286517812211278268115343461565622375678815634242835573456811234263778
3571531331313556126312344471563425783468277512566815125662843511347827121282531234473434866483553
7713377375353134342512641734348756124267355656613456243178342712568484751334784378124231345
155577371551137812435656425512786512662333125641785624715678255678684662831133357834635656444475113456277878
57113755315377121281127828775634831278484377348833563447127884463735347861565624473512126534648421155734
731731117377177883783442515678211256268751563421123424773456817878288873337834417856243512126512
737577513755733456487134342134562866757334784861353463785644288571153478623778568578786425173412835
115511577171731212417878287178342756568825711234273434883312124378344468577712128178562871125
73133137517371783427783488113456224111781227347882171282281551567827345686557878671234866537123481
7731711357735178782578346637561281343424471734568253781247567886288631113178562312784453565
1151171551575356344134562657343485125666817734568826215317563481567822475378453478661512346534564286
11531153573777565687127888113456233478428413375612813456241512346534786241155678655656625334124778
1517715375717712348356124811127823567842253156562475787863343448681131785625123464113456277812822268335355
31111573135175785665566871125625565668261333123445785664111256275656824337127881565624731288424771137
75137733113733563441787824751256673412882773345648151256613434228423133512346578126455121265125
3715531115531556566712788275783467341288466117515634257812665756837846871334784356124217121281783422822223115
31153153111353125641123426335612451212644777345688131212435612428211137856457834621156342225531256437834
171755111757733456455634685312564712348686825515531278477812867134342734348862335378564312124
115511517315571212853434665756348756124663773478884255315612275612845734348578346665111212215612221556
571573131355131278453434826315341263344255563467343486464273333178215634245756128734348644337534126334
715351571155173412815634221334417812226531127861563424555678631256466611755678657868733434
771557355155375678875634846515787861561222751212615678286655751278657856681378342578346267
731551711337131245345662175678828433515656213478267734348378564845555612613412261112255656626841
35535757717371781223347848457734568556566811125625121262645373343445343468755656651234684555783467
37735173355157561283341246537834457812662613175634823356564156122447557867783486735612413434288261
575553753511537856473478865312784556786623155612671282753434653434684251173434877812823156786756568421377
371117373337515634235634467556786578126881757878657834687512346512126824117334784712568833563443
1775555353317178342356483756788156562423315612211212244442355317787887127882711256273412884664413517355612
3131737777117512786112342822377378415656288177121281561228753434653478682488151555567867561286371256877812
7351133151137756786837787885787864471712128251127826823517343485347862642631775556566156342688257155126
3133717735151112782734788275785663347848617156562178784822551556346578786235341261343424671534566378784
7135115557711156342712568211782756822171347825121268515678233478462853515621561226751212673478884
33355733355511345622631534126556566255567861567826466111557863563446757812671234882135123465
5331533717713512346312124455563467785686288577733412413456288717121281121222135634428873137834437856425734
7777337755751112562734348271125621341228611378433456443512346312784428131734788112562277345683345648473356564
7711135353715156122712128657345681562623131247121282715612217878484877733478455678685512617878268
1735555151557378344756128837785684631178342356784271121221563428461751567821787826375678817
537177751737555656617812265734348734128687375656877856843134782484775134122156122677343487127888851
55151353155175123467563488111221121222661113787841121222333412442335781263341244755678673412884267113756568
7735171331317334784112782873563445563468235778128334461112562556346244511134782512126275345667785688
5737133133313312564512566427317878251278643378344484773134342134782455127865563466851534566112221778
331333555175737812873456883756788578646857757812615634283178217878248171783421567828171234853456622
735353517713513421565626551234615656264737347883565644311234233434448257355634653434641312124156342285557
1377357113551556566251785625341266673734788756788471343427341288841717125685345662715627785688837578126
773733151131535678453434661512126556346224573356568334564435785663341244831112782512346246226513571756
1375531175551378564356344213345665785662611312784734568211347827567882265777123488317834231
13111735153511565621567822535656475656866411711234217878281156562378422151345627561286377856831234442261377
1555551577375756788156122633783447787884857512566556786813783447124264555112562134122661111
151773717373557866757856613412284877311278217878243178562734568487757812677888733434488848284833
137731513315337841343424155612635612426537781281562475563464621155563463125646153412671278822
17375351731511123422511234271212866335565667123484117878275656824243117156342778568837563483347844225133781
77733155535311123425785662153412231278424331341224337878444657755678617828351212633412448557343
71753515511357347886115634215612224137345687127884755656675656882273571212871234861578786134562248255
71377511333153347847121286113434271278822117123481563422157878622433733434437856485312344712348641
333155155751775634875612881734817834222515563461127822117878253412626686715711785621782253121241342686
35731115751333125643121244117834255678628231755656685112122178562625737856413478286465115534126134
3735113351355512126512346637561281125624671778128134342284271771567821121228311234237812448286331555346661177
7731353557513178342134562471561225123468277312344112782831343427347884863755121263347846133447121282857
1315377353113112122156562413345641123422224153731256413412285134255634464715787861561222861731781221
157331373553735678484153565645565666261353567845567866113456251212624313121222733456435634484265515712
11137711317357785686351234671212844373564378788815785667787882483713123442513434215634268133785647345684775
537135515775113456211234226135565665565664281153565645781266337812417824237378784235125663345644428626131
31711533735551125621127826537834455656666653373478833456441312784556346243573434855678661778348712348
517577713357113412271212823556346481313412215634241556126226355734348756568677345681341228633312564356564
15353777533135341264777856837856482111567822157834622433515634271234841112562756128241351234
513575551117755667567888833156782312564442113178782134122427133456435612425312784156562682
755355335557731256475656883778788534648357347887567886111234224633711234237834483178122578566447733412411
175317715515573434857856666553341246757812651278686273517834211256263534126578126447117856237812421712